<?xml version="1.0"?>
<opencv_storage>
<imageVector>
  <_ type_id="opencv-matrix">
    <rows>29</rows>
    <cols>19</cols>
    <dt>u</dt>
    <data>
      50 52 56 63 76 92 109 123 131 134 135 136 136 136 136 136 136 136
      136 51 49 49 51 56 65 81 100 117 128 133 135 135 136 136 136 136
      136 135 60 55 51 49 50 53 60 74 94 113 127 132 134 135 135 135 135
      135 135 83 71 61 54 50 50 52 57 70 91 111 127 132 134 135 135 135
      135 135 109 98 82 67 57 52 50 51 57 69 90 112 127 132 134 134 134
      134 134 119 115 107 91 73 60 53 51 52 57 70 93 115 129 132 133 133
      133 133 121 119 117 111 96 76 61 53 51 52 58 74 98 120 130 132 133
      133 133 123 121 118 117 112 97 76 60 53 51 53 61 81 105 124 130
      131 132 132 123 122 120 118 116 111 95 73 59 53 52 55 67 90 114
      127 130 131 131 123 122 121 118 116 115 109 89 68 57 53 53 59 76
      101 122 129 130 130 123 122 121 119 116 115 113 103 81 63 55 53 56
      66 89 113 126 129 129 123 122 120 118 116 114 114 110 94 71 58 54
      54 60 78 103 123 128 128 122 120 119 117 116 114 113 112 103 81 63
      55 54 58 69 94 117 127 128 122 119 118 117 116 115 113 113 108 91
      69 57 55 56 64 86 110 125 127 122 119 117 117 116 115 114 113 110
      98 75 59 55 56 61 79 104 123 127 121 118 117 116 116 116 114 113
      111 102 81 62 56 56 60 73 100 120 126 120 118 116 116 116 116 114
      113 111 104 85 64 56 56 59 69 96 118 126 120 119 117 117 116 116
      114 113 111 105 88 66 57 55 58 67 92 115 125 121 120 119 118 117
      116 115 113 111 105 90 66 57 55 57 65 90 114 125 121 120 119 118
      117 116 114 113 111 105 90 66 56 54 57 64 89 113 124 120 120 119
      118 117 115 114 112 110 104 88 65 55 54 56 63 88 112 124 119 119
      118 117 116 115 113 112 109 102 85 63 54 53 55 63 88 112 123 117
      117 117 116 115 114 113 111 107 100 80 61 53 52 55 63 88 112 123
      116 116 116 116 115 113 112 110 105 96 74 58 52 51 55 63 88 111
      123 116 116 116 115 114 112 111 108 102 89 68 56 51 51 54 63 88
      111 122 117 116 116 115 113 111 109 105 97 80 63 54 51 51 54 62 88
      111 122 117 116 115 113 112 110 107 101 90 70 58 53 51 51 54 62 87
      110 121 116 115 114 112 110 107 103 95 79 61 55 52 51 51 54 61 86
      108 119 115 113 112 110 107 103 96 84 66 55 53 50 50 51 54 60 83
      104 115</data></_>
  <_ type_id="opencv-matrix">
    <rows>29</rows>
    <cols>19</cols>
    <dt>u</dt>
    <data>
      140 140 140 140 140 139 139 138 137 133 125 107 86 70 61 57 54 53
      53 140 139 139 139 139 139 138 136 131 119 95 74 62 57 54 54 54 56
      58 140 139 139 139 138 137 135 130 114 86 67 58 55 54 56 59 64 70
      76 139 139 138 138 137 135 129 112 82 64 57 55 56 59 66 75 86 97
      106 139 138 138 137 135 130 113 82 63 56 55 58 64 73 87 102 112
      117 120 138 138 137 136 131 116 85 63 56 55 59 67 80 97 110 118
      121 122 123 138 137 136 133 122 92 66 57 55 59 68 83 102 114 119
      122 123 123 123 137 136 134 127 103 71 58 55 59 67 84 103 115 120
      122 123 123 123 122 137 135 131 116 81 61 56 58 65 81 101 114 119
      121 123 123 123 122 122 136 134 126 98 67 56 56 63 76 96 112 118
      120 122 123 124 123 123 123 135 131 116 81 60 56 60 70 89 107 116
      119 121 122 124 124 124 124 124 134 127 102 70 57 57 64 79 100 113
      117 119 121 122 123 124 124 125 125 133 122 89 64 56 60 70 89 106
      115 117 119 121 122 123 123 124 125 126 131 114 78 60 56 63 76 97
      110 115 117 118 120 121 121 121 122 125 126 128 105 71 58 57 67 82
      102 112 115 116 117 119 120 120 120 120 124 125 126 97 67 58 59 70
      88 105 112 115 116 117 118 119 119 118 119 122 124 123 91 64 58 61
      73 92 107 113 116 116 117 118 119 119 119 119 121 122 120 87 63 58
      63 75 95 108 114 116 117 117 118 119 119 119 119 120 121 118 84 61
      58 65 76 96 109 114 116 117 118 118 119 119 120 119 119 120 117 82
      61 59 66 77 96 108 113 116 117 118 118 119 120 120 120 119 119 116
      81 60 60 67 77 95 107 113 115 117 118 118 119 120 120 120 120 119
      116 81 60 61 67 76 93 106 112 114 116 117 118 118 120 120 120 120
      120 116 80 61 62 67 75 90 103 111 113 115 117 117 118 119 120 120
      120 120 115 80 63 63 66 74 86 100 109 112 114 116 117 118 118 119
      119 119 119 115 80 65 65 67 73 82 96 105 111 113 115 116 117 118
      118 118 118 118 115 81 67 67 69 72 78 90 100 108 111 113 115 117
      117 117 118 118 118 114 82 69 70 72 69 72 82 94 103 109 112 114
      115 116 117 117 118 118 113 83 72 74 76 66 64 74 86 97 105 110 112
      114 115 116 116 117 117 110 85 76 78 76 64 58 64 76 89 99 106 110
      112 113 114 115 116 116</data></_>
  <_ type_id="opencv-matrix">
    <rows>19</rows>
    <cols>19</cols>
    <dt>u</dt>
    <data>
      165 165 165 165 165 165 165 166 166 166 166 166 166 166 166 167
      167 168 169 165 165 165 165 165 165 165 165 165 165 165 166 166
      166 166 166 167 168 169 165 165 164 164 164 164 164 164 164 164
      164 165 165 165 165 166 166 167 169 164 164 163 162 161 161 161
      161 161 161 162 162 162 162 163 164 165 166 168 163 161 159 156
      150 148 150 153 155 156 156 153 149 149 154 158 161 164 167 160
      157 152 140 116 104 114 134 144 146 142 122 102 105 126 147 155
      161 165 158 152 143 114 79 65 78 109 133 136 121 82 62 67 93 130
      149 157 164 156 150 137 103 69 59 69 100 128 132 111 72 56 58 82
      123 147 156 163 157 152 141 113 81 69 80 111 132 136 121 86 64 67
      96 131 149 157 163 159 155 150 137 118 108 118 135 143 144 139 121
      103 108 130 147 155 160 165 161 159 157 154 151 149 149 150 151
      151 151 150 148 149 153 156 159 162 166 162 160 158 157 155 153
      152 152 152 153 153 153 153 154 155 158 160 163 166 161 158 154
      148 135 127 132 142 146 148 146 138 126 128 141 152 157 161 166
      158 154 146 123 89 74 88 116 135 138 128 96 71 77 108 140 152 158
      164 156 150 137 102 66 55 64 95 125 131 113 75 55 57 87 130 148
      156 163 156 150 136 101 67 57 67 99 127 132 115 81 60 60 91 131
      149 156 163 158 154 145 119 90 79 96 122 137 140 131 106 83 86 117
      143 153 159 165 161 159 155 147 136 131 137 145 150 151 150 142
      133 137 148 155 160 163 167 164 162 161 160 159 156 154 156 158
      159 159 159 159 160 161 162 164 166 168</data></_>
  <_ type_id="opencv-matrix">
    <rows>19</rows>
    <cols>19</cols>
    <dt>u</dt>
    <data>
      165 165 165 165 165 165 165 165 165 165 165 165 166 166 166 166
      166 167 168 165 165 165 165 165 165 165 165 165 165 165 165 165
      165 166 166 166 167 168 165 165 165 165 165 165 164 164 164 164
      164 164 164 165 165 165 165 166 167 165 164 164 164 165 165 164
      163 163 162 162 162 162 162 162 163 164 165 167 164 163 163 164
      165 165 164 161 160 159 158 156 153 152 155 157 160 163 165 163
      161 161 164 168 168 165 159 154 151 148 136 121 119 132 147 154
      158 163 160 158 159 167 172 170 167 158 148 142 130 97 73 73 96
      130 146 153 161 158 156 159 170 172 170 168 160 146 137 117 79 61
      59 78 119 143 152 160 159 156 158 168 172 170 169 161 146 138 120
      86 64 61 83 123 146 154 161 160 158 158 163 169 169 166 156 148
      143 135 112 88 86 113 139 151 158 163 162 160 159 160 163 163 160
      155 152 150 148 142 134 135 144 151 157 161 165 162 161 160 159
      159 158 156 154 154 153 153 152 150 150 152 155 159 163 166 162
      159 157 152 145 139 140 146 149 150 150 145 137 135 141 150 157
      162 165 160 156 150 134 108 94 101 123 139 142 138 118 94 91 111
      136 151 158 164 157 151 141 111 77 63 71 100 127 134 122 88 64 63
      84 122 146 155 162 156 150 137 106 73 59 65 95 124 131 116 81 61
      59 79 119 144 154 162 158 152 143 120 90 73 81 111 132 136 126 98
      74 71 95 129 148 157 163 160 157 152 142 126 115 122 138 145 146
      144 131 115 114 131 147 155 161 165 163 161 160 157 155 153 153
      155 155 156 156 154 152 153 155 158 161 164 166</data></_>
  <_ type_id="opencv-matrix">
    <rows>19</rows>
    <cols>19</cols>
    <dt>u</dt>
    <data>
