<?xml version="1.0"?>
<opencv_storage>
<calibration_time>"Mon Sep 28 13:29:23 2015"</calibration_time>
<nr_of_frames>25</nr_of_frames>
<image_width>1280</image_width>
<image_height>720</image_height>
<board_width>9</board_width>
<board_height>6</board_height>
<square_size>50.</square_size>
<fix_aspect_ratio>1.</fix_aspect_ratio>
<!-- flags:  +fix_aspect_ratio +fix_principal_point +zero_tangent_dist -->
<flags>14</flags>
<camera_matrix type_id="opencv-matrix">
  <rows>3</rows>
  <cols>3</cols>
  <dt>d</dt>
  <data>
    1.1185168643013542e+03 0. 6.3950000000000000e+02 0.
    1.1185168643013542e+03 3.5950000000000000e+02 0. 0. 1.</data></camera_matrix>
<distortion_coefficients type_id="opencv-matrix">
  <rows>5</rows>
  <cols>1</cols>
  <dt>d</dt>
  <data>
    1.8001933878723120e-01 -7.7093638876616088e-01 0. 0.
    1.1290389435138155e+00</data></distortion_coefficients>
<avg_reprojection_error>8.7054966140331935e-01</avg_reprojection_error>
<per_view_reprojection_errors type_id="opencv-matrix">
  <rows>25</rows>
  <cols>1</cols>
  <dt>f</dt>
  <data>
    7.56015301e-01 8.75227571e-01 8.63230705e-01 7.45804489e-01
    7.20101774e-01 7.67261922e-01 7.84153700e-01 8.12696457e-01
    6.80684268e-01 7.13412344e-01 8.24507296e-01 9.07714009e-01
    1.04922509e+00 1.12770069e+00 1.05413198e+00 8.65223289e-01
    7.43789852e-01 6.22789145e-01 6.18270755e-01 7.54575372e-01
    1.03515530e+00 1.18929362e+00 1.07555187e+00 9.62393403e-01
    8.68728995e-01</data></per_view_reprojection_errors>
<extrinsic_parameters type_id="opencv-matrix">
  <rows>25</rows>
  <cols>6</cols>
  <dt>d</dt>
  <data>
    -7.8132942831581162e-02 2.5044106173866754e-01
    3.0454964970403946e+00 3.8956263847595261e+02 6.4613095184150012e+01
    7.6771311776077687e+02 -9.9460796816592284e-02
    2.5449446194069447e-01 3.0482067003757116e+00 3.8983729520091845e+02
    6.9121086235424926e+01 7.6761845750363102e+02
    -9.3296196970613782e-02 2.6161877415797730e-01
    3.0489479302438722e+00 3.9189727733458602e+02 7.2664023755054274e+01
    7.6518461698556473e+02 -7.9765876022852872e-02
    2.5652070610057476e-01 3.0451036133645784e+00 3.9626252340862834e+02
    7.5784123708792237e+01 7.6296153660562470e+02
    -8.0707709320440801e-02 2.3771615663867549e-01
    3.0395858203380319e+00 3.9733523514884433e+02 7.8019145339858511e+01
    7.6430344441849718e+02 -8.3932477671915251e-02
    2.2528580680518334e-01 3.0376307982721755e+00 3.8989489865623977e+02
    7.8389919072750459e+01 7.6398556128774260e+02
    -8.4244998933685256e-02 2.5463765893463131e-01
    3.0439481178778998e+00 3.7813694751954290e+02 8.3800597961926712e+01
    7.5345194630421963e+02 -7.9089868638302793e-02
    2.6617472373676926e-01 3.0462304121338764e+00 3.7513544531290626e+02
    9.3981740579245113e+01 7.4585351956556860e+02
    -7.0267460173317045e-02 2.5089618865004731e-01
    3.0364534778970977e+00 3.7991426314895045e+02 9.8129976316094229e+01
    7.4716617740438994e+02 -8.3814515347493596e-02
    2.2146683357808436e-01 3.0264095369185835e+00 3.7729815931963770e+02
    9.8816953583433843e+01 7.5188463784429484e+02
    -9.5179375364779412e-02 2.2455969061186215e-01
    3.0273617039605836e+00 3.6463067023698642e+02 1.0689912918151521e+02
    7.4918564170206776e+02 -8.5177448152639362e-02
    2.3434633808119421e-01 3.0217277436639831e+00 3.5120335894697359e+02
    1.1386073053215333e+02 7.4313291790822188e+02
    -6.1546381871795598e-02 2.2066497667604787e-01
    3.0146082153183946e+00 3.3548853717562491e+02 1.2336094838559251e+02
    7.3944910792795042e+02 -4.6071905777348120e-02
    2.0281520298765671e-01 3.0179725876290244e+00 3.1532231572673555e+02
    1.3471741001179666e+02 7.3931105669692090e+02
    -3.8351220128200705e-02 2.1015629301271649e-01
    3.0211475820893945e+00 2.9772347894961740e+02 1.4439184243939954e+02
    7.3669863250230014e+02 -2.8683827090306081e-02
    2.3381638125217280e-01 3.0168184909379137e+00 2.8511574220472693e+02
    1.4766316163764961e+02 7.3127117128899113e+02
    -1.7358098871519758e-02 2.5329832900309340e-01
    3.0152695183069462e+00 2.7718082960980161e+02 1.4914794564493619e+02
    7.2762717610170341e+02 -1.1891397911127567e-02
    2.5574820462491388e-01 3.0211121253758777e+00 2.7196861486792034e+02
    1.4873823686854280e+02 7.3037033090139130e+02
    -1.2276220504278379e-02 2.5148312169798120e-01
    3.0212072510123082e+00 2.7023193210995794e+02 1.4579864540579700e+02
    7.3580705434839456e+02 -9.6075502199421785e-03
    2.4569182686428928e-01 3.0228471217670543e+00 2.6689559327483397e+02
    1.4274088544103918e+02 7.4111638537407043e+02
    -1.0011660972539947e-03 2.5779519025522368e-01
    3.0272752841635966e+00 2.5592759845246081e+02 1.3969397167325511e+02
    7.4564974231847418e+02 1.1998283620004676e-02 2.6403804696075561e-01
    3.0318171585149081e+00 2.4318567946722317e+02 1.3746366850740066e+02
    7.4855396684452944e+02 3.2550191715665401e-02 2.7390336783665153e-01
    3.0384351941200709e+00 2.2470646924592364e+02 1.3285558610730777e+02
    7.5129380683524971e+02 4.4857785485016656e-02 2.7960685439589467e-01
    3.0376660940296074e+00 2.1344468403341926e+02 1.2975162796402631e+02
    7.5241080420488947e+02 6.2239525810032191e-02 2.8329653568841362e-01
    3.0330526217606386e+00 1.9813100095974414e+02 1.2800812506121770e+02
    7.5273579124836124e+02</data></extrinsic_parameters>
