<?xml version="1.0"?>
<opencv_storage>
<camera_matrix type_id="opencv-matrix">
  <rows>3</rows>
  <cols>3</cols>
  <dt>d</dt>
  <data>
    6.1189443495449757e+02 0. 3.4932519394675921e+02 0.
    6.1615722157198400e+02 2.4382289756684762e+02 0. 0. 1.</data></camera_matrix>
<distortion_coefficients type_id="opencv-matrix">
  <rows>5</rows>
  <cols>1</cols>
  <dt>d</dt>
  <data>
    2.6300716629068782e-01 -9.3051244628470509e-01
    8.0561593766929843e-03 -6.5152763090538151e-03
    1.0644354612980635e+00</data></distortion_coefficients>
<image_width>720</image_width>
<image_height>480</image_height>
</opencv_storage>
