<?xml version="1.0"?>
<opencv_storage>
<image_width>1920</image_width>
<image_height>1080</image_height>
<camera_matrix type_id="opencv-matrix">
  <rows>3</rows>
  <cols>3</cols>
  <dt>d</dt>
  <data>
    1.6031465600390779e+03 0. 9.5950000000000000e+02 0.
    1.6031465600390779e+03 5.3950000000000000e+02 0. 0. 1.</data></camera_matrix>
<distortion_coefficients type_id="opencv-matrix">
    <rows>5</rows>
    <cols>1</cols>
    <dt>d</dt>
    <data>
        2.6329460872217936e-01 -9.9808116402205072e-01 0. 0.
        1.3121653106320061e+00</data></distortion_coefficients>
</opencv_storage>
